"BAS_NUM","comp_ID","distance"
6347,6358,85.2627
6347,6377,239.5543
6347,6380,239.6327
6347,6360,533.4403
6347,6403,543.8659
6347,6405,582.432
6347,6401,587.441
6347,6369,760.8773
6347,6410,804.88
6347,6456,965.1223
6347,6394,998.4819
6347,6460,1047.2874
6347,6441,1068.963
6347,6468,1097.9735
6347,6402,1101.9511
6347,6427,1267.5813
6347,6475,1282.1927
6347,6471,1298.1176
6347,6481,1327.7026
6347,6463,1340.8675
6347,6477,1356.8017
6347,6517,1364.8074
6347,6516,1384.2894
6347,6503,1391.0224
6347,6535,1436.3118
6347,6496,1451.6231
6347,6464,1472.0545
6347,6543,1511.5928
6347,6446,1512.7363
6347,6470,1534.8424
6347,6515,1545.086
6347,6507,1559.3912
6347,6499,1605.619
6347,6511,1606.303
6347,6474,1686.7056
6347,6519,1733.9384
6347,6529,1740.9572
6347,6506,1830.8942
6347,6414,1860.2884
6347,6558,1875.7657
6347,6370,1900.6121
6347,6569,1933.2536
6347,6549,1942.8164
6347,6585,2014.3816
6347,6551,2023.0827
6347,6581,2024.9984
6347,6579,2029.2887
6347,6576,2067.4079
6347,6590,2069.2719
6347,6583,2087.0942
6347,6600,2101.634
6347,6573,2123.4752
6347,6593,2137.444
6347,6584,2159.0181
6347,6606,2165.8173
6347,6608,2205.2185
6347,6457,2358.5307
6347,6615,2438.0703
6347,6616,2474.4754
6347,6637,2629.3847
6347,6638,2641.5947
6347,6395,2663.7575
6347,6391,2842.9956
6347,6443,2960.6557
6347,6618,3404.3255
6347,6635,3525.7655
6347,6622,3530.4429
6347,6658,3547.5273
6347,6617,3561.6096
6347,6631,3577.0458
6347,6655,3643.6207
6347,6629,3663.7766
6347,6621,3696.2266
6347,6630,3726.6105
6347,6656,3736.9952
6347,6628,3761.7646
6347,6620,3851.0638
6347,6625,3876.4231
6347,6350,4114.8082
6347,6681,4403.6681
6350,6443,1261.2561
6350,6391,1271.8979
6350,6628,1321.404
6350,6620,1326.4895
6350,6625,1383.4171
6350,6395,1459.1304
6350,6621,1531.2179
6350,6617,1639.9317
6350,6630,1646.1679
6350,6681,1661.6401
6350,6629,1685.9357
6350,6622,1742.0884
6350,6631,1771.1542
6350,6656,1838.9431
6350,6618,1868.0277
6350,6635,1894.039
6350,6457,1959.2683
6350,6655,2036.9785
6350,6370,2140.4032
6350,6658,2207.8518
6350,6414,2300.3573
6350,6446,2691.3312
6350,6506,2817.2381
6350,6551,2860.7362
6350,6474,2862.9503
6350,6549,2978.0167
6350,6519,3015.561
6350,6470,3050.5337
6350,6529,3063.9453
6350,6427,3082.0526
6350,6584,3085.4581
6350,6402,3091.7918
6350,6464,3092.4034
6350,6573,3095.8386
6350,6499,3104.3196
6350,6394,3153.7428
6350,6558,3221.5568
6350,6576,3242.8343
6350,6507,3256.982
6350,6463,3278.2085
6350,6441,3328.8806
6350,6569,3355.4671
6350,6583,3368.1948
6350,6579,3379.286
6350,6581,3439.5348
6350,6471,3451.5752
6350,6593,3489.2294
6350,6475,3530.5678
6350,6410,3544.3102
6350,6585,3684.6365
6350,6590,3684.919
6350,6616,3734.1552
6350,6600,3744.3111
6350,6608,3819.3049
6350,6606,3852.8242
6350,6377,3903.0104
6350,6615,3904.543
6350,6543,3993.0597
6350,6460,3994.598
6350,6358,4014.3379
6350,6380,4017.2482
6350,6456,4081.3207
6350,6347,4114.8082
6350,6468,4119.5162
6350,6535,4178.4499
6350,6637,4329.4453
6350,6403,4345.3415
6350,6405,4379.671
6350,6517,4382.8074
6350,6638,4465.6251
6350,6401,4478.5188
6350,6516,4487.9813
6350,6360,4671.1932
6350,6503,4694.1739
6350,6481,4781.6163
6350,6477,4868.9391
6350,6369,4885.5634
6350,6496,4912.0878
6350,6515,4934.0247
6350,6511,5079.8269
6358,6347,85.2627
6358,6377,132.9746
6358,6380,167.3146
6358,6403,544.6944
6358,6405,585.7316
6358,6401,611.051
6358,6360,631.8555
6358,6410,700.0901
6358,6369,851.383
6358,6394,885.3273
6358,6456,912.1085
6358,6441,965.901
6358,6460,987.0763
6358,6402,988.269
6358,6468,1048.1375
6358,6427,1155.2456
6358,6475,1191.4419
6358,6471,1203.605
6358,6463,1239.9708
6358,6481,1332.3953
6358,6517,1335.783
6358,6516,1361.4048
6358,6464,1365.8756
6358,6477,1368.132
6358,6503,1385.6461
6358,6535,1389.911
6358,6446,1400.0103
6358,6470,1429.0626
6358,6543,1452.9614
6358,6507,1461.6232
6358,6496,1462.0002
6358,6499,1503.3568
6358,6515,1552.6912
6358,6474,1577.6936
6358,6511,1622.8714
6358,6519,1631.547
6358,6529,1640.0103
6358,6506,1723.9468
6358,6414,1747.2736
6358,6558,1782.8468
6358,6370,1795.819
6358,6549,1843.0576
6358,6569,1846.5162
6358,6551,1921.2502
6358,6585,1941.6812
6358,6581,1943.2198
6358,6579,1944.692
6358,6576,1978.2156
6358,6590,1996.9113
6358,6583,2003.1043
6358,6573,2030.2422
6358,6600,2034.6181
6358,6593,2058.1576
6358,6584,2072.2724
6358,6606,2101.377
6358,6608,2139.6782
6358,6457,2244.9672
6358,6615,2375.8668
6358,6616,2405.1561
6358,6395,2556.5996
6358,6637,2582.1067
6358,6638,2599.9303
6358,6391,2736.8049
6358,6443,2849.1617
6358,6618,3297.548
6358,6635,3420.4925
6358,6622,3423.245
6358,6658,3445.9346
6358,6617,3453.1653
6358,6631,3470.7548
6358,6655,3540.2801
6358,6629,3555.9092
6358,6621,3586.7948
6358,6630,3618.3629
6358,6656,3632.2502
6358,6628,3654.2401
6358,6620,3740.4267
6358,6625,3766.2257
6358,6350,4014.3379
6358,6681,4296.3541
6360,6369,222.121
6360,6401,466.9712
6360,6347,533.4403
6360,6403,555.3818
6360,6405,557.3004
6360,6380,617.9269
6360,6358,631.8555
6360,6377,742.6219
6360,6456,1095.3807
6360,6477,1113.4295
6360,6481,1114.1992
6360,6468,1192.9872
6360,6460,1202.2462
6360,6496,1204.149
6360,6410,1227.2334
6360,6503,1227.9383
6360,6516,1288.0637
6360,6515,1304.3158
6360,6511,1317.836
6360,6517,1323.9616
6360,6441,1462.8708
6360,6535,1479.2805
6360,6394,1516.5859
6360,6475,1582.2169
6360,6543,1589.1084
6360,6402,1606.1257
6360,6471,1621.653
6360,6463,1704.9609
6360,6427,1730.073
6360,6464,1872.0577
6360,6507,1893.47
6360,6470,1929.8567
6360,6499,1970.8343
6360,6446,1975.9053
6360,6529,2094.0683
6360,6519,2097.6841
6360,6474,2105.379
6360,6558,2163.8216
6360,6585,2165.7942
6360,6569,2176.664
6360,6600,2211.6733
6360,6590,2216.5883
6360,6506,2228.1845
6360,6581,2232.9363
6360,6579,2255.4385
6360,6606,2266.7286
6360,6549,2280.9928
6360,6583,2307.3917
6360,6608,2311.0706
6360,6576,2322.8569
6360,6593,2325.6967
6360,6584,2352.2558
6360,6414,2373.5313
6360,6551,2375.5699
6360,6573,2404.5016
6360,6370,2451.6614
6360,6615,2518.141
6360,6616,2591.9956
6360,6638,2602.5758
6360,6637,2618.9971
6360,6457,2857.5163
6360,6395,3208.9157
6360,6391,3390.7273
6360,6443,3486.2261
6360,6618,3780.7971
6360,6658,3877.6984
6360,6635,3887.2714
6360,6622,3910.0326
6360,6631,3947.7254
6360,6617,3953.5578
6360,6655,3987.5715
6360,6629,4049.2047
6360,6656,4092.5016
6360,6621,4098.0083
6360,6630,4115.5535
6360,6628,4143.1796
6360,6620,4266.1966
6360,6625,4286.1091
6360,6350,4671.1932
6360,6681,4779.7391
6369,6360,222.121
6369,6401,507.7314
6369,6405,618.4852
6369,6403,632.0878
6369,6347,760.8773
6369,6380,784.2482
6369,6358,851.383
6369,6377,946.3893
6369,6477,987.3683
6369,6481,1003.0358
6369,6496,1072.3659
6369,6503,1135.381
6369,6456,1142.044
6369,6511,1161.9805
6369,6515,1171.1566
6369,6516,1210.4161
6369,6468,1217.962
6369,6460,1249.8842
6369,6517,1280.2983
6369,6410,1381.8094
6369,6535,1466.6666
6369,6543,1581.4366
6369,6441,1598.041
6369,6475,1674.4772
6369,6394,1707.2531
6369,6471,1722.6304
6369,6402,1787.4791
6369,6463,1821.1102
6369,6427,1890.3942
6369,6507,1992.1033
6369,6464,2000.7235
6369,6470,2055.2064
6369,6499,2081.9285
6369,6446,2133.3068
6369,6585,2179.5776
6369,6529,2196.9068
6369,6600,2204.6502
6369,6519,2205.9422
6369,6590,2227.6055
6369,6569,2228.9155
6369,6558,2237.0338
6369,6474,2239.1884
6369,6606,2256.7173
6369,6581,2269.8747
6369,6579,2299.1757
6369,6608,2302.5398
6369,6583,2348.3667
6369,6506,2350.12
6369,6593,2352.4858
6369,6584,2364.4021
6369,6549,2373.7227
6369,6576,2378.5739
6369,6573,2470.5636
6369,6551,2474.6176
6369,6615,2495.1163
6369,6638,2527.4738
6369,6414,2555.114
6369,6637,2555.7931
6369,6616,2583.999
6369,6370,2661.2983
6369,6457,3028.2142
6369,6395,3411.3844
6369,6391,3595.4167
6369,6443,3672.3293
6369,6618,3879.5307
6369,6658,3953.7285
6369,6635,3975.5423
6369,6622,4009.7677
6369,6631,4043.3514
6369,6617,4059.953
6369,6655,4069.4547
6369,6629,4151.8537
6369,6656,4179.8942
6369,6621,4208.8999
6369,6630,4219.7311
6369,6628,4243.3922
6369,6620,4383.5247
6369,6625,4400.3213
6369,6681,4874.9555
6369,6350,4885.5634
6370,6414,433.7376
6370,6395,711.6705
6370,6446,813.085
6370,6457,832.0348
6370,6391,876.378
6370,6402,923.0884
6370,6394,949.963
6370,6427,1021.6253
6370,6443,1109.1714
6370,6474,1152.4863
6370,6464,1237.6169
6370,6470,1255.0141
6370,6506,1261.1408
6370,6441,1273.3093
6370,6463,1364.6001
6370,6410,1377.6222
6370,6499,1384.9177
6370,6519,1410.7904
6370,6529,1471.8278
6370,6507,1517.3445
6370,6471,1542.8047
6370,6551,1546.0201
6370,6549,1587.149
6370,6475,1619.7488
6370,6377,1678.7725
6370,6558,1766.5901
6370,6380,1793.4748
6370,6358,1795.819
6370,6573,1889.4738
6370,6347,1900.6121
6370,6569,1952.5474
6370,6576,1967.7974
6370,6460,1972.6333
6370,6584,2010.0928
6370,6456,2012.3559
6370,6579,2057.0946
6370,6583,2096.8434
6370,6468,2101.4196
6370,6581,2110.5218
6370,6350,2140.4032
6370,6403,2145.9532
6370,6405,2181.1551
6370,6543,2208.204
6370,6593,2237.9025
6370,6401,2270.942
6370,6585,2294.6524
6370,6618,2317.5001
6370,6535,2319.1408
6370,6590,2336.2494
6370,6617,2371.1163
6370,6622,2398.9331
6370,6621,2437.5176
6370,6600,2439.5333
6370,6517,2445.7012
6370,6360,2451.6614
6370,6631,2486.7077
6370,6635,2488.1648
6370,6629,2494.3173
6370,6620,2508.2476
6370,6630,2526.729
6370,6628,2528.379
6370,6606,2534.163
6370,6516,2536.1651
6370,6608,2538.605
6370,6625,2560.1475
6370,6658,2645.1123
6370,6655,2648.133
6370,6369,2661.2983
6370,6616,2673.9659
6370,6656,2691.945
6370,6503,2696.9741
6370,6481,2733.3268
6370,6615,2766.034
6370,6477,2808.1965
6370,6496,2876.8042
6370,6515,2933.8474
6370,6511,3059.0694
6370,6637,3167.8459
6370,6681,3183.9802
6370,6638,3262.6857
6377,6380,80.015
6377,6358,132.9746
6377,6347,239.5543
6377,6410,473.3716
6377,6403,475.0145
6377,6405,515.9623
6377,6401,581.2749
6377,6456,712.0906
6377,6394,721.9067
6377,6441,736.2646
6377,6360,742.6219
6377,6460,775.642
6377,6402,810.1252
6377,6468,850.6465
6377,6369,946.3893
6377,6427,949.9764
6377,6475,955.901
6377,6471,968.3082
6377,6463,1007.8047
6377,6464,1140.8335
6377,6517,1165.3833
6377,6535,1193.533
6377,6446,1196.5082
6377,6470,1203.3651
6377,6516,1203.6892
6377,6507,1227.2651
6377,6481,1227.5731
6377,6543,1239.6615
6377,6503,1259.4997
6377,6499,1272.578
6377,6477,1276.119
6377,6474,1358.3632
6377,6496,1365.6452
6377,6519,1400.9328
6377,6529,1407.877
6377,6515,1449.845
6377,6506,1500.0759
6377,6511,1537.356
6377,6558,1547.4956
6377,6414,1577.3848
6377,6549,1609.933
6377,6569,1611.4338
6377,6370,1678.7725
6377,6551,1690.0036
6377,6581,1709.8756
6377,6579,1710.2037
6377,6585,1714.1417
6377,6576,1742.7237
6377,6583,1768.8124
6377,6590,1769.5728
6377,6573,1794.8991
6377,6600,1811.3345
6377,6593,1826.0358
6377,6584,1837.1492
6377,6606,1880.1085
6377,6608,1917.2373
6377,6457,2064.1894
6377,6615,2156.3109
6377,6616,2179.7103
6377,6637,2379.2657
6377,6638,2404.622
6377,6395,2423.9175
6377,6391,2608.5482
6377,6443,2690.6437
6377,6618,3073.1286
6377,6635,3193.6491
6377,6622,3199.5262
6377,6658,3214.4387
6377,6617,3231.8599
6377,6631,3245.5599
6377,6655,3310.7112
6377,6629,3333.412
6377,6621,3367.7931
6377,6630,3396.6228
6377,6656,3404.5802
6377,6628,3431.0865
6377,6620,3524.9079
6377,6625,3549.3183
6377,6350,3903.0104
6377,6681,4072.7809
6380,6377,80.015
6380,6358,167.3146
6380,6403,221.3761
6380,6347,239.6327
6380,6405,258.4885
6380,6401,344.4635
6380,6456,512.6441
6380,6410,538.0215
6380,6460,598.1484
6380,6360,617.9269
6380,6468,645.3161
6380,6441,769.6185
6380,6369,784.2482
6380,6394,830.1123
6380,6475,898.28
6380,6402,914.362
6380,6517,926.5693
6380,6471,931.5737
6380,6516,954.7332
6380,6481,959.6481
6380,6535,984.6866
6380,6503,995.9254
6380,6477,1007.5278
6380,6463,1009.5757
6380,6427,1038.3803
6380,6543,1060.2016
6380,6496,1097.2746
6380,6464,1177.267
6380,6515,1181.9585
6380,6507,1203.0214
6380,6470,1234.475
6380,6511,1268.6799
6380,6499,1275.9459
6380,6446,1284.7932
6380,6529,1400.951
6380,6519,1403.2109
6380,6474,1412.4685
6380,6558,1489.6339
6380,6569,1523.9104
6380,6506,1532.5476
6380,6585,1573.9403
6380,6549,1591.5196
6380,6581,1601.525
6380,6579,1612.982
6380,6590,1628.161
6380,6600,1654.7337
6380,6576,1664.9846
6380,6583,1668.7918
6380,6414,1681.8805
6380,6551,1683.4004
6380,6593,1707.928
6380,6606,1716.8668
6380,6573,1734.9188
6380,6584,1748.0422
6380,6608,1757.0261
6380,6370,1793.4748
6380,6615,1987.5387
6380,6616,2029.0028
6380,6457,2163.7844
6380,6637,2177.8054
6380,6638,2192.3052
6380,6395,2536.214
6380,6391,2721.4962
6380,6443,2797.0147
6380,6618,3087.0287
6380,6658,3194.2341
6380,6635,3196.1524
6380,6622,3216.0117
6380,6631,3254.9088
6380,6617,3258.3777
6380,6655,3300.3715
6380,6629,3354.596
6380,6621,3402.3286
6380,6656,3402.6652
6380,6630,3420.6653
6380,6628,3449.0384
6380,6620,3570.529
6380,6625,3590.3283
6380,6350,4017.2482
6380,6681,4086.6336
6391,6395,167.8039
6391,6443,459.4647
6391,6370,876.378
6391,6457,905.2804
6391,6414,1032.4788
6391,6350,1271.8979
6391,6446,1473.351
6391,6474,1747.6468
6391,6506,1778.4886
6391,6402,1800.992
6391,6427,1821.9516
6391,6394,1855.569
6391,6470,1911.5032
6391,6464,1926.3314
6391,6519,1980.7045
6391,6551,1986.0769
6391,6499,2010.4049
6391,6529,2043.5544
6391,6549,2073.6154
6391,6441,2079.5718
6391,6463,2093.2472
6391,6617,2096.762
6391,6620,2107.5704
6391,6621,2109.6105
6391,6618,2135.2075
6391,6622,2155.5503
6391,6507,2165.8287
6391,6625,2173.5597
6391,6628,2197.8591
6391,6629,2219.6682
6391,6630,2231.5823
6391,6631,2254.5567
6391,6410,2256.0529
6391,6471,2280.9533
6391,6558,2304.9422
6391,6635,2309.3897
6391,6573,2335.2231
6391,6475,2362.1762
6391,6584,2447.5175
6391,6576,2454.8167
6391,6656,2456.7129
6391,6655,2475.5646
6391,6569,2492.7398
6391,6658,2537.1803
6391,6579,2573.1645
6391,6583,2597.2333
6391,6377,2608.5482
6391,6581,2637.1722
6391,6380,2721.4962
6391,6358,2736.8049
6391,6593,2745.4655
6391,6460,2781.501
6391,6681,2793.8208
6391,6347,2842.9956
6391,6456,2844.9562
6391,6585,2861.7188
6391,6590,2890.8091
6391,6468,2911.9639
6391,6543,2924.2078
6391,6600,2990.2534
6391,6403,3050.5475
6391,6535,3069.6451
6391,6608,3083.7737
6391,6405,3085.2177
6391,6606,3093.1862
6391,6616,3146.6925
6391,6401,3181.6859
6391,6517,3230.9606
6391,6615,3274.7797
6391,6516,3329.7739
6391,6360,3390.7273
6391,6503,3513.5564
6391,6481,3569.1936
6391,6369,3595.4167
6391,6477,3650.6646
6391,6496,3709.7713
6391,6637,3710.3423
6391,6515,3754.7383
6391,6638,3825.3718
6391,6511,3889.3955
6394,6402,81.1819
6394,6427,330.4457
6394,6410,382.4139
6394,6441,420.8387
6394,6446,531.9061
6394,6463,636.3896
6394,6464,647.4226
6394,6470,707.9865
6394,6377,721.9067
6394,6471,746.3651
6394,6474,782.273
6394,6475,796.0499
6394,6414,819.721
6394,6380,830.1123
6394,6499,831.7172
6394,6507,879.3394
6394,6358,885.3273
6394,6519,938.5681
6394,6506,949.0857
6394,6370,949.963
6394,6529,975.2632
6394,6347,998.4819
6394,6460,1020.697
6394,6456,1037.5597
6394,6468,1143.4703
6394,6403,1148.3748
6394,6549,1175.0501
6394,6405,1183.3093
6394,6551,1210.7376
6394,6558,1223.5604
6394,6401,1278.0225
6394,6457,1319.6756
6394,6543,1350.1189
6394,6569,1365.2995
6394,6535,1412.2261
6394,6573,1442.5791
6394,6576,1449.6859
6394,6579,1479.7231
6394,6517,1500.0304
6394,6581,1511.4444
6394,6360,1516.5859
6394,6583,1534.7465
6394,6584,1542.2901
6394,6516,1580.623
6394,6585,1616.2155
6394,6593,1642.7042
6394,6395,1667.9368
6394,6590,1668.5112
6394,6369,1707.2531
6394,6503,1721.2655
6394,6481,1744.998
6394,6600,1754.856
6394,6477,1816.0674
6394,6606,1839.0681
6394,6391,1855.569
6394,6608,1859.7177
6394,6496,1889.1364
6394,6443,1926.7682
6394,6515,1952.3562
6394,6616,2068.2574
6394,6511,2071.4584
6394,6615,2108.1333
6394,6637,2442.8945
6394,6618,2481.4945
6394,6638,2511.2542
6394,6622,2600.2541
6394,6617,2615.2381
6394,6635,2620.9959
6394,6631,2658.6187
6394,6658,2688.5376
6394,6629,2724.1223
6394,6621,2735.1197
6394,6655,2759.3965
6394,6630,2780.7851
6394,6628,2813.7254
6394,6656,2836.4622
6394,6620,2873.681
6394,6625,2904.7878
6394,6350,3153.7428
6394,6681,3465.9699
6395,6391,167.8039
6395,6443,449.9488
6395,6370,711.6705
6395,6457,739.973
6395,6414,839.7483
6395,6446,1281.1924
6395,6350,1459.1304
6395,6474,1559.1338
6395,6506,1594.7829
6395,6402,1610.191
6395,6427,1629.498
6395,6394,1667.9368
6395,6470,1721.1212
6395,6464,1735.0091
6395,6519,1795.1808
6395,6551,1810.6711
6395,6499,1821.8474
6395,6529,1858.4097
6395,6441,1886.9896
6395,6549,1895.1536
6395,6463,1901.0622
6395,6507,1976.6436
6395,6617,2030.8069
6395,6618,2050.4851
6395,6621,2055.5397
6395,6410,2065.1134
6395,6620,2070.6276
6395,6622,2083.436
6395,6471,2088.7816
6395,6558,2123.4271
6395,6625,2133.9097
6395,6628,2147.5915
6395,6629,2156.1669
6395,6573,2161.861
6395,6475,2170.0229
6395,6630,2171.7362
6395,6631,2184.0517
6395,6635,2226.275
6395,6584,2275.8164
6395,6576,2278.5413
6395,6569,2312.0794
6395,6656,2388.8696
6395,6655,2392.8448
6395,6579,2394.795
6395,6583,2420.4632
6395,6377,2423.9175
6395,6658,2442.561
6395,6581,2458.115
6395,6380,2536.214
6395,6358,2556.5996
6395,6593,2568.6251
6395,6460,2588.7441
6395,6456,2652.4342
6395,6347,2663.7575
6395,6585,2680.1423
6395,6590,2710.3363
6395,6468,2719.2042
6395,6543,2733.4947
6395,6681,2760.833
6395,6600,2810.4114
6395,6403,2861.0721
6395,6535,2877.8472
6395,6405,2895.6578
6395,6608,2904.6989
6395,6606,2912.9578
6395,6616,2974.7427
6395,6401,2992.8822
6395,6517,3038.4154
6395,6615,3099.641
6395,6516,3137.1392
6395,6360,3208.9157
6395,6503,3320.7921
6395,6481,3376.564
6395,6369,3411.3844
6395,6477,3458.1201
6395,6496,3517.0864
6395,6637,3533.1086
6395,6515,3561.9749
6395,6638,3646.5588
6395,6511,3696.67
6401,6405,91.4074
6401,6403,117.157
6401,6380,344.4635
6401,6360,466.9712
6401,6369,507.7314
6401,6377,581.2749
6401,6347,587.441
6401,6358,611.051
6401,6456,612.1112
6401,6468,698.3856
6401,6481,704.1455
6401,6460,720.4553
6401,6477,727.6392
6401,6503,785.5157
6401,6496,822.724
6401,6516,826.2185
6401,6517,834.1996
6401,6410,904.2255
6401,6515,918.0993
6401,6511,974.9172
6401,6535,979.7448
6401,6543,1089.3951
6401,6441,1094.9115
6401,6475,1143.7638
6401,6471,1194.2988
6401,6394,1278.0225
6401,6463,1300.2514
6401,6402,1339.9972
6401,6427,1409.2746
6401,6507,1462.2823
6401,6464,1487.2962
6401,6470,1538.8831
6401,6499,1556.8501
6401,6446,1645.9066
6401,6529,1668.0063
6401,6585,1669.7665
6401,6519,1679.1238
6401,6569,1699.8026
6401,6558,1703.9195
6401,6600,1712.2557
6401,6590,1719.8639
6401,6474,1728.2005
6401,6581,1746.8043
6401,6606,1767.0902
6401,6579,1773.4013
6401,6608,1811.5209
6401,6583,1823.7054
6401,6506,1829.9453
6401,6593,1834.6197
6401,6549,1841.8175
6401,6576,1848.5819
6401,6584,1855.9762
6401,6573,1938.3507
6401,6551,1944.0325
6401,6615,2018.7575
6401,6616,2092.5607
6401,6414,2097.9947
6401,6638,2122.8055
6401,6637,2132.0577
6401,6370,2270.942
6401,6457,2549.7562
6401,6395,2992.8822
6401,6391,3181.6859
6401,6443,3216.1516
6401,6618,3347.7651
6401,6658,3420.7537
6401,6635,3442.298
6401,6622,3478.2189
6401,6631,3511.0564
6401,6617,3530.032
6401,6655,3536.23
6401,6629,3620.8958
6401,6656,3646.7486
6401,6621,3680.3254
6401,6630,3689.1235
6401,6628,3711.8577
6401,6620,3857.3327
6401,6625,3872.8433
6401,6681,4342.4308
6401,6350,4478.5188
6402,6394,81.1819
6402,6427,199.5738
6402,6441,349.8558
6402,6446,387.908
6402,6410,408.9412
6402,6464,524.2489
6402,6463,539.8393
6402,6470,581.8247
6402,6474,644.4855
6402,6471,671.7617
6402,6499,710.6741
6402,6414,716.3415
6402,6475,730.3754
6402,6507,774.3584
6402,6377,810.1252
6402,6519,811.1314
6402,6506,811.5727
6402,6529,851.6133
6402,6380,914.362
6402,6370,923.0884
6402,6358,988.269
6402,6460,1007.9251
6402,6456,1038.8859
6402,6549,1047.336
6402,6551,1077.7204
6402,6347,1101.9511
6402,6558,1111.6415
6402,6468,1134.2125
6402,6457,1200.6929
6402,6403,1205.907
6402,6405,1240.2329
6402,6569,1262.8028
6402,6543,1303.3101
6402,6573,1322.1863
6402,6576,1338.2106
6402,6401,1339.9972
6402,6579,1377.6022
6402,6535,1381.4288
6402,6581,1412.7357
6402,6584,1425.7049
6402,6583,1430.8462
6402,6517,1485.6837
6402,6585,1531.9407
6402,6593,1544.9645
6402,6516,1571.4597
6402,6590,1582.846
6402,6360,1606.1257
6402,6395,1610.191
6402,6600,1673.8477
6402,6503,1724.3369
6402,6481,1758.2471
6402,6606,1760.0022
6402,6608,1777.9452
6402,6369,1787.4791
6402,6391,1800.992
6402,6477,1833.1589
6402,6443,1834.3608
6402,6496,1901.781
6402,6515,1959.8644
6402,6616,1975.9196
6402,6615,2024.5692
6402,6511,2084.0902
6402,6618,2337.5744
6402,6637,2372.8325
6402,6638,2446.5001
6402,6622,2456.1475
6402,6617,2471.0418
6402,6635,2477.5617
6402,6631,2514.7524
6402,6658,2547.1663
6402,6629,2579.929
6402,6621,2591.149
6402,6655,2616.511
6402,6630,2636.5937
6402,6628,2669.6292
6402,6656,2693.0793
6402,6620,2730.3958
6402,6625,2761.2113
6402,6350,3091.7918
6402,6681,3321.7702
6403,6405,20.1667
6403,6401,117.157
6403,6380,221.3761
6403,6377,475.0145
6403,6456,503.4478
6403,6347,543.8659
6403,6358,544.6944
6403,6360,555.3818
6403,6468,607.3653
6403,6460,610.0734
6403,6369,632.0878
6403,6481,757.8958
6403,6410,765.0945
6403,6477,795.5757
6403,6517,804.7942
6403,6503,814.1923
6403,6516,815.1941
6403,6496,888.7915
6403,6535,916.4456
6403,6441,950.5905
6403,6515,978.6371
6403,6475,1010.5165
6403,6543,1018.9063
6403,6511,1052.8698
6403,6471,1058.4038
6403,6394,1148.3748
6403,6463,1159.8705
6403,6402,1205.907
6403,6427,1267.8426
6403,6507,1327.8322
6403,6464,1344.7181
6403,6470,1397.0927
6403,6499,1418.6567
6403,6446,1503.1496
6403,6529,1532.6231
6403,6519,1542.0717
6403,6585,1578.4285
6403,6558,1580.0809
6403,6474,1585.2238
6403,6569,1585.7838
6403,6590,1630.1259
6403,6600,1634.0974
6403,6581,1640.7821
6403,6579,1663.4849
6403,6506,1689.5612
6403,6606,1691.5341
6403,6549,1710.2701
6403,6583,1715.246
6403,6576,1732.9141
6403,6593,1734.5071
6403,6608,1734.6498
6403,6584,1764.9723
6403,6551,1810.4457
6403,6573,1817.9152
6403,6615,1951.2047
6403,6414,1959.9381
6403,6616,2013.7974
6403,6637,2094.5994
6403,6638,2094.8399
6403,6370,2145.9532
6403,6457,2407.7102
6403,6395,2861.0721
6403,6391,3050.5475
6403,6443,3077.2528
6403,6618,3215.7533
6403,6658,3296.7034
6403,6635,3315.6591
6403,6622,3345.8508
6403,6631,3380.0315
6403,6617,3395.6535
6403,6655,3410.1723
6403,6629,3487.6937
6403,6656,3518.5855
6403,6621,3544.7341
6403,6630,3555.4908
6403,6628,3579.4561
6403,6620,3720.0999
6403,6625,3736.4389
6403,6681,4211.8706
6403,6350,4345.3415
6405,6403,20.1667
6405,6401,91.4074
6405,6380,258.4885
6405,6377,515.9623
6405,6456,517.023
6405,6360,557.3004
6405,6347,582.432
6405,6358,585.7316
6405,6468,614.6993
6405,6369,618.4852
6405,6460,624.447
6405,6481,727.0973
6405,6477,761.3037
6405,6503,789.5447
6405,6517,793.8693
6405,6410,799.1103
6405,6516,800.2485
6405,6496,855.1748
6405,6535,915.4792
6405,6515,946.3509
6405,6441,982.5423
6405,6511,1017.1587
6405,6543,1020.344
6405,6475,1034.7114
6405,6471,1084.0494
6405,6394,1183.3093
6405,6463,1188.156
6405,6402,1240.2329
6405,6427,1301.3675
6405,6507,1352.7295
6405,6464,1374.6112
6405,6470,1426.3795
6405,6499,1445.6113
6405,6446,1536.2312
6405,6529,1558.0367
6405,6519,1568.3891
6405,6585,1587.3311
6405,6558,1600.1398
6405,6569,1602.1091
6405,6474,1615.4531
6405,6590,1638.5128
6405,6600,1638.6054
6405,6581,1654.6866
6405,6579,1678.5829
6405,6606,1695.2577
6405,6506,1717.8873
6405,6583,1729.8535
6405,6549,1733.7937
6405,6608,1738.8089
6405,6593,1746.5934
6405,6576,1749.8228
6405,6584,1773.8588
6405,6551,1834.9751
6405,6573,1836.6305
6405,6615,1952.6322
6405,6414,1994
6405,6616,2018.6969
6405,6638,2085.1859
6405,6637,2087.494
6405,6370,2181.1551
6405,6457,2441.0073
6405,6395,2895.6578
6405,6391,3085.2177
6405,6443,3111.1911
6405,6618,3239.6178
6405,6658,3317.0684
6405,6635,3337.2876
6405,6622,3369.8895
6405,6631,3403.4415
6405,6617,3420.6741
6405,6655,3431.4641
6405,6629,3512.1381
6405,6656,3540.7133
6405,6621,3570.3758
6405,6630,3580.1473
6405,6628,3603.5191
6405,6620,3746.6185
6405,6625,3762.5113
6405,6681,4235.0951
6405,6350,4379.671
6410,6441,250.7675
6410,6394,382.4139
6410,6402,408.9412
6410,6377,473.3716
6410,6427,474.5044
6410,6471,522.6104
6410,6463,527.3107
6410,6475,534.9856
6410,6380,538.0215
6410,6460,609.9126
6410,6456,616.0731
6410,6464,645.3015
6410,6358,700.0901
6410,6470,708.4331
6410,6446,718.6404
6410,6468,729.661
6410,6507,759.3162
6410,6403,765.0945
6410,6499,786.2341
6410,6405,799.1103
6410,6347,804.88
6410,6474,862.1624
6410,6401,904.2255
6410,6519,913.9744
6410,6529,925.5738
6410,6543,993.0169
6410,6506,1003.9125
6410,6535,1023.5389
6410,6517,1088.2012
6410,6558,1096.4928
6410,6549,1131.0363
6410,6414,1156.4583
6410,6516,1163.6159
6410,6569,1188.5183
6410,6551,1204.4008
6410,6360,1227.2334
6410,6579,1295.6951
6410,6503,1297.1226
6410,6576,1305.9927
6410,6581,1309.2914
6410,6481,1319.9229
6410,6573,1340.0987
6410,6583,1355.1338
6410,6585,1359.6436
6410,6370,1377.6222
6410,6369,1381.8094
6410,6477,1391.5547
6410,6584,1408.9272
6410,6590,1414.8956
6410,6593,1435.0213
6410,6496,1464.0151
6410,6600,1480.9035
6410,6515,1527.3124
6410,6606,1559.19
6410,6608,1588.0833
6410,6457,1613.4886
6410,6511,1646.362
6410,6616,1827.8789
6410,6615,1836.9503
6410,6395,2065.1134
6410,6637,2126.8934
6410,6638,2179.573
6410,6391,2256.0529
6410,6443,2274.2829
6410,6618,2577.393
6410,6635,2699.8698
6410,6622,2703.4615
6410,6658,2728.3375
6410,6617,2735.2338
6410,6631,2750.3127
6410,6655,2820.6121
6410,6629,2836.9638
6410,6621,2871.2919
6410,6630,2900.0428
6410,6656,2911.7291
6410,6628,2934.8229
6410,6620,3029.392
6410,6625,3053.3122
6410,6350,3544.3102
6410,6681,3576.6897
6414,6446,340.349
6414,6370,433.7376
6414,6457,481.5679
6414,6474,655.7531
6414,6427,691.4983
6414,6402,716.3415
6414,6506,741.8829
6414,6470,793.932
6414,6464,797.9637
6414,6394,819.721
6414,6395,839.7483
6414,6499,909.6661
6414,6519,912.9705
6414,6441,945.4924
6414,6463,957.111
6414,6529,974.9178
6414,6551,1018.7148
6414,6391,1032.4788
6414,6443,1040.53
6414,6507,1056.7477
6414,6549,1067.9732
6414,6471,1144.6693
6414,6410,1156.4583
6414,6475,1225.9396
6414,6558,1264.3431
6414,6573,1366.5957
6414,6569,1453.1327
6414,6576,1454.1552
6414,6584,1487.682
6414,6579,1552.0354
6414,6377,1577.3848
6414,6583,1588.0313
6414,6581,1608.9421
6414,6460,1643.2243
6414,6380,1681.8805
6414,6456,1710.6036
6414,6593,1732.5274
6414,6358,1747.2736
6414,6468,1773.5517
6414,6543,1797.7367
6414,6585,1808.0785
6414,6590,1845.6931
6414,6347,1860.2884
6414,6618,1871.3121
6414,6535,1935.1464
6414,6600,1948.5827
6414,6617,1957.5933
6414,6403,1959.9381
6414,6622,1971.1329
6414,6405,1994
6414,6635,2035.1414
6414,6631,2046.2615
6414,6608,2046.6832
6414,6606,2046.9304
6414,6621,2048.7046
6414,6629,2076.7592
6414,6517,2092.1287
6414,6401,2097.9947
6414,6630,2119.9207
6414,6628,2135.5977
6414,6620,2151.4583
6414,6616,2163.3327
6414,6658,2166.7422
6414,6655,2189.664
6414,6516,2190.618
6414,6625,2194.0734
6414,6656,2246.3706
6414,6615,2265.0045
6414,6350,2300.3573
6414,6360,2373.5313
6414,6503,2374.7897
6414,6481,2432.9324
6414,6477,2515.4623
6414,6369,2555.114
6414,6496,2572.686
6414,6515,2616.0482
6414,6637,2679.3486
6414,6511,2751.6271
6414,6638,2781.5506
6414,6681,2798.3242
6427,6402,199.5738
6427,6446,231.3688
6427,6441,243.5417
6427,6464,310.6054
6427,6394,330.4457
6427,6463,353.1597
6427,6470,367.1443
6427,6474,440.3525
6427,6410,474.5044
6427,6499,497.1764
6427,6471,514.868
6427,6507,570.56
6427,6475,587.2182
6427,6519,596.3522
6427,6506,606.0843
6427,6529,637.1462
6427,6414,691.4983
6427,6549,832.5987
6427,6551,865.1611
6427,6558,901.2866
6427,6460,949.7699
6427,6377,949.9764
6427,6456,1007.8311
6427,6370,1021.6253
6427,6380,1038.3803
6427,6569,1057.88
6427,6468,1080.2087
6427,6573,1108.1361
6427,6457,1125.6027
6427,6576,1127.6183
6427,6358,1155.2456
6427,6579,1172.562
6427,6543,1176.0102
6427,6581,1210.6979
6427,6584,1212.7721
6427,6583,1224.4624
6427,6347,1267.5813
6427,6403,1267.8426
6427,6535,1282.304
6427,6405,1301.3675
6427,6593,1343.3758
6427,6585,1344.4501
6427,6590,1393.5571
6427,6401,1409.2746
6427,6517,1414.7349
6427,6600,1489.2846
6427,6516,1508.5761
6427,6606,1577.2232
6427,6608,1592.0588
6427,6395,1629.498
6427,6503,1681.6869
6427,6360,1730.073
6427,6481,1732.5774
6427,6616,1778.2829
6427,6443,1798.8453
6427,6477,1813.5631
6427,6391,1821.9516
6427,6615,1835.8532
6427,6496,1873.7991
6427,6369,1890.3942
6427,6515,1922.1217
6427,6511,2054.2316
6427,6618,2156.1503
6427,6637,2200.0114
6427,6622,2277.9535
6427,6638,2280.9123
6427,6635,2290.9141
6427,6617,2298.7826
6427,6631,2332.3829
6427,6658,2349.8237
6427,6629,2405.2154
6427,6655,2425.657
6427,6621,2425.9032
6427,6630,2464.6366
6427,6628,2501.5218
6427,6656,2505.8306
6427,6620,2573.5487
6427,6625,2601.2428
6427,6350,3082.0526
6427,6681,3147.619
6441,6463,221.8729
6441,6427,243.5417
6441,6410,250.7675
6441,6471,278.8534
6441,6475,319.7069
6441,6464,323.2717
6441,6402,349.8558
6441,6470,386.6097
6441,6394,420.8387
6441,6446,449.1754
6441,6507,466.882
6441,6499,470.3714
6441,6474,544.6722
6441,6519,596.7479
6441,6460,597.9657
6441,6529,612.8121
6441,6456,652.6266
6441,6506,682.002
6441,6468,727.8546
6441,6377,736.2646
6441,6380,769.6185
6441,6558,814.8759
6441,6549,819.75
6441,6543,875.723
6441,6551,886.8947
6441,6569,931.9848
6441,6414,945.4924
6441,6403,950.5905
6441,6535,954.227
6441,6358,965.901
6441,6405,982.5423
6441,6576,1034.665
6441,6579,1043.6161
6441,6573,1050.5254
6441,6581,1068.2159
6441,6347,1068.963
6441,6517,1069.6618
6441,6401,1094.9115
6441,6583,1101.8677
6441,6584,1138.8306
6441,6585,1150.566
6441,6516,1160.3624
6441,6593,1196.9115
6441,6590,1204.0938
6441,6370,1273.3093
6441,6600,1284.8953
6441,6503,1328.1939
6441,6457,1354.2252
6441,6606,1367.1329
6441,6481,1377.3754
6441,6608,1390.2322
6441,6477,1458.3566
6441,6360,1462.8708
6441,6496,1518.7238
6441,6515,1568.1558
6441,6369,1598.041
6441,6616,1610.4295
6441,6615,1639.6699
6441,6511,1699.3645
6441,6395,1886.9896
6441,6637,1964.5827
6441,6638,2031.7595
6441,6443,2042.2721
6441,6391,2079.5718
6441,6618,2255.3627
6441,6635,2378.0073
6441,6622,2381.5284
6441,6658,2409.1569
6441,6617,2414.0471
6441,6631,2428.2522
6441,6655,2499.7636
6441,6629,2515.3301
6441,6621,2551.2439
6441,6630,2578.6647
6441,6656,2590.0548
6441,6628,2613.0051
6441,6620,2711.6858
6441,6625,2734.5501
6441,6681,3254.774
6441,6350,3328.8806
6443,6395,449.9488
6443,6391,459.4647
6443,6457,685.7209
6443,6414,1040.53
6443,6370,1109.1714
6443,6350,1261.2561
6443,6446,1404.3712
6443,6506,1592.3149
6443,6474,1603.7329
6443,6617,1616.9171
6443,6620,1620.093
6443,6621,1624.5313
6443,6618,1669.0448
6443,6622,1679.383
6443,6625,1686.0695
6443,6628,1711.5655
6443,6629,1738.1965
6443,6551,1740.0394
6443,6630,1748.414
6443,6631,1776.9818
6443,6470,1785.5322
6443,6427,1798.8453
6443,6519,1801.1163
6443,6464,1818.1051
6443,6402,1834.3608
6443,6635,1840.2255
6443,6549,1842.9645
6443,6529,1859.7198
6443,6499,1860.098
6443,6394,1926.7682
6443,6656,1976.4836
6443,6463,2000.461
6443,6655,2006.3853
6443,6507,2018.1741
6443,6441,2042.2721
6443,6573,2071.1862
6443,6658,2078.1173
6443,6558,2087.635
6443,6584,2173.4551
6443,6471,2180.8462
6443,6576,2203.3167
6443,6475,2261.873
6443,6569,2266.0582
6443,6410,2274.2829
6443,6681,2306.8118
6443,6579,2331.1797
6443,6583,2345.9069
6443,6581,2398.1428
6443,6593,2492.2238
6443,6585,2634.982
6443,6590,2656.4661
6443,6377,2690.6437
6443,6460,2714.5464
6443,6600,2750.9284
6443,6543,2783.1608
6443,6456,2796.2484
6443,6380,2797.0147
6443,6608,2838.7433
6443,6468,2842.058
6443,6358,2849.1617
6443,6606,2854.8208
6443,6616,2864.2133
6443,6535,2947.7865
6443,6347,2960.6557
6443,6615,3006.3264
6443,6403,3077.2528
6443,6405,3111.1911
6443,6517,3131.9106
6443,6401,3216.1516
6443,6516,3234.7551
6443,6503,3433.1599
6443,6637,3449.066
6443,6360,3486.2261
6443,6481,3506.3947
6443,6638,3571.7332
6443,6477,3592.0136
6443,6496,3641.6899
6443,6369,3672.3293
6443,6515,3674.3489
6443,6511,3815.8509
6446,6474,204.0606
6446,6427,231.3688
6446,6464,260.5465
6446,6470,267.1571
6446,6414,340.349
6446,6506,358.9718
6446,6402,387.908
6446,6499,397.4968
6446,6463,423.1627
6446,6519,440.2605
6446,6441,449.1754
6446,6529,497.9397
6446,6507,530.5801
6446,6394,531.9061
6446,6471,610.7026
6446,6551,651.946
6446,6549,653.5764
6446,6475,691.8438
6446,6410,718.6404
6446,6457,720.2965
6446,6558,792.1074
6446,6370,813.085
6446,6573,952.9814
6446,6569,972.9245
6446,6576,1006.4041
6446,6584,1068.7181
6446,6579,1081.9887
6446,6460,1125.0765
6446,6583,1125.8072
6446,6581,1131.3381
6446,6377,1196.5082
6446,6456,1203.8642
6446,6468,1254.1208
6446,6543,1260.0647
6446,6593,1261.5501
6446,6395,1281.1924
6446,6380,1284.7932
6446,6585,1306.9166
6446,6590,1349.5096
6446,6535,1399.4408
6446,6358,1400.0103
6446,6443,1404.3712
6446,6600,1452.4934
6446,6391,1473.351
6446,6403,1503.1496
6446,6347,1512.7363
6446,6405,1536.2312
6446,6606,1546.2819
6446,6608,1551.9277
6446,6517,1562.3768
6446,6401,1645.9066
6446,6516,1662.241
6446,6616,1700.6814
6446,6615,1783.3446
6446,6618,1811.356
6446,6503,1852.1785
6446,6481,1917.6299
6446,6622,1928.2129
6446,6617,1941.4617
6446,6635,1954.8024
6446,6360,1975.9053
6446,6631,1988.7801
6446,6477,2002.2314
6446,6658,2036.969
6446,6629,2050.8133
6446,6496,2055.0124
6446,6621,2060.7918
6446,6515,2093.387
6446,6655,2097.0997
6446,6630,2106.9259
6446,6369,2133.3068
6446,6628,2139.4331
6446,6656,2170.4844
6446,6637,2179.7672
6446,6620,2201.008
6446,6625,2231.2337
6446,6511,2231.7881
6446,6638,2274.337
6446,6350,2691.3312
6446,6681,2792.3252
6456,6460,72.1774
6456,6468,79.7349
6456,6535,422.4469
6456,6517,427.8759
6456,6543,493.3007
6456,6516,498.6306
6456,6403,503.4478
6456,6380,512.6441
6456,6405,517.023
6456,6475,558.9032
6456,6401,612.1112
6456,6410,616.0731
6456,6471,626.5054
6456,6503,643.2052
6456,6441,652.6266
6456,6481,689.9292
6456,6377,712.0906
6456,6463,764.3792
6456,6477,772.3085
6456,6496,830.7937
6456,6507,872.097
6456,6515,881.4066
6456,6358,912.1085
6456,6347,965.1223
6456,6464,968.8259
6456,6499,989.79
6456,6470,1007.7154
6456,6427,1007.8311
6456,6511,1011.4003
6456,6585,1028.681
6456,6394,1037.5597
6456,6402,1038.8859
6456,6569,1047.8866
6456,6558,1066.9314
6456,6529,1077.7002
6456,6590,1080.9209
6456,6581,1093.2341
6456,6600,1093.5644
6456,6360,1095.3807
6456,6519,1098.3599
6456,6579,1119.4124
6456,6369,1142.044
6456,6606,1153.3328
6456,6583,1169.6769
6456,6593,1184.3014
6456,6608,1194.8466
6456,6576,1197.8389
6456,6446,1203.8642
6456,6474,1204.9211
6456,6584,1215.1657
6456,6549,1228.1764
6456,6506,1273.7446
6456,6573,1293.4349
6456,6551,1338.4185
6456,6615,1420.7264
6456,6616,1471.0307
6456,6637,1611.872
6456,6638,1633.8011
6456,6414,1710.6036
6456,6370,2012.3559
6456,6457,2094.4284
6456,6395,2652.4342
6456,6618,2726.4779
6456,6658,2778.6586
6456,6443,2796.2484
6456,6635,2804.673
6456,6391,2844.9562
6456,6622,2857.8774
6456,6631,2885.9337
6456,6655,2897.5717
6456,6617,2917.7341
6456,6629,3002.9681
6456,6656,3012.6849
6456,6630,3073.1719
6456,6621,3073.2812
6456,6628,3091.0553
6456,6620,3258.6064
6456,6625,3269.4194
6456,6681,3714.3647
6456,6350,4081.3207
6457,6414,481.5679
6457,6443,685.7209
6457,6446,720.2965
6457,6395,739.973
6457,6370,832.0348
6457,6506,880.4665
6457,6474,888.5563
6457,6391,905.2804
6457,6551,1055.7799
6457,6470,1071.3809
6457,6519,1089.4016
6457,6464,1107.0206
6457,6427,1125.6027
6457,6499,1144.678
6457,6529,1148.787
6457,6549,1149.6369
6457,6402,1200.6929
6457,6463,1291.5344
6457,6507,1302.8065
6457,6394,1319.6756
6457,6441,1354.2252
6457,6558,1389.0371
6457,6573,1401.1696
6457,6618,1462.9097
6457,6471,1468.9574
6457,6584,1511.9658
6457,6617,1513.5626
6457,6576,1524.4769
6457,6622,1541.0459
6457,6475,1549.641
6457,6569,1572.7099
6457,6621,1584.3819
6457,6410,1613.4886
6457,6631,1630.1547
6457,6635,1635.5975
6457,6629,1636.5987
6457,6579,1646.6251
6457,6583,1667.4104
6457,6620,1668.0029
6457,6630,1670.1348
6457,6628,1674.3969
6457,6581,1712.0469
6457,6625,1715.75
6457,6655,1797.4191
6457,6658,1807.995
6457,6593,1815.4496
6457,6656,1835.9029
6457,6585,1942.9491
6457,6350,1959.2683
6457,6590,1968.511
6457,6460,2007.6682
6457,6377,2064.1894
6457,6600,2066.0531
6457,6543,2068.1691
6457,6456,2094.4284
6457,6468,2133.7487
6457,6608,2157.5062
6457,6380,2163.7844
6457,6606,2169.6593
6457,6616,2210.9388
6457,6535,2232.3305
6457,6358,2244.9672
6457,6681,2333.5307
6457,6615,2341.6495
6457,6347,2358.5307
6457,6403,2407.7102
6457,6517,2417.7299
6457,6405,2441.0073
6457,6516,2520.8881
6457,6401,2549.7562
6457,6503,2720.6339
6457,6637,2779.6989
6457,6481,2797.6297
6457,6360,2857.5163
6457,6477,2884.0085
6457,6638,2897.3125
6457,6496,2931.4585
6457,6515,2961.8483
6457,6369,3028.2142
6457,6511,3104.2658
6460,6456,72.1774
6460,6468,90.9528
6460,6535,393.7267
6460,6543,429.0341
6460,6517,444.0742
6460,6475,452.3811
6460,6471,521.3253
6460,6516,527.0969
6460,6441,597.9657
6460,6380,598.1484
6460,6410,609.9126
6460,6403,610.0734
6460,6405,624.447
6460,6463,670.0904
6460,6503,692.4518
6460,6401,720.4553
6460,6481,751.708
6460,6507,763.2969
6460,6377,775.642
6460,6477,836.6519
6460,6464,875.1524
6460,6499,882.5417
6460,6496,889.6489
6460,6470,908.97
6460,6515,933.2628
6460,6569,947.2708
6460,6585,948.5309
6460,6427,949.7699
6460,6558,959.6067
6460,6529,968.5722
6460,6358,987.0763
6460,6519,989.6078
6460,6581,1000.0077
6460,6590,1001.644
6460,6402,1007.9251
6460,6394,1020.697
6460,6600,1022.415
6460,6579,1022.7755
6460,6347,1047.2874
6460,6511,1067.9545
6460,6583,1074.264
6460,6606,1083.8289
6460,6576,1096.1019
6460,6593,1096.4098
6460,6474,1107.268
6460,6549,1118.7486
6460,6608,1124.1349
6460,6446,1125.0765
6460,6584,1134.6323
6460,6506,1166.7883
6460,6573,1188.4842
6460,6360,1202.2462
6460,6551,1228.8808
6460,6369,1249.8842
6460,6615,1354.9608
6460,6616,1397.4503
6460,6637,1566.187
6460,6638,1595.8996
6460,6414,1643.2243
6460,6370,1972.6333
6460,6457,2007.6682
6460,6395,2588.7441
6460,6618,2617.8469
6460,6658,2673.2197
6460,6635,2698.1763
6460,6443,2714.5464
6460,6622,2749.1943
6460,6631,2777.6668
6460,6391,2781.501
6460,6655,2791.306
6460,6617,2808.5818
6460,6629,2894.1409
6460,6656,2905.635
6460,6621,2963.9445
6460,6630,2964.226
6460,6628,2982.4396
6460,6620,3149.1034
6460,6625,3159.9988
6460,6681,3606.5206
6460,6350,3994.598
6463,6471,135.5306
6463,6464,160.3679
6463,6470,201.2581
6463,6475,216.6411
6463,6507,217.0868
6463,6441,221.8729
6463,6499,235.8757
6463,6427,353.1597
6463,6519,364.3966
6463,6529,372.0867
6463,6474,397.3019
6463,6446,423.1627
6463,6506,490.9457
6463,6410,527.3107
6463,6402,539.8393
6463,6558,565.4931
6463,6549,577.1709
6463,6394,636.3896
6463,6551,653.2568
6463,6460,670.0904
6463,6569,693.3015
6463,6456,764.3792
6463,6576,787.6461
6463,6543,794.4478
6463,6468,794.8293
6463,6573,801.0718
6463,6579,806.98
6463,6581,837.1155
6463,6583,863.2233
6463,6584,889.3481
6463,6535,925.2577
6463,6585,948.9112
6463,6414,957.111
6463,6593,968.1723
6463,6590,999.6926
6463,6377,1007.8047
6463,6380,1009.5757
6463,6517,1088.635
6463,6600,1091.5688
6463,6403,1159.8705
6463,6606,1178.4872
6463,6405,1188.156
6463,6516,1189.6492
6463,6608,1195.3291
6463,6358,1239.9708
6463,6457,1291.5344
6463,6401,1300.2514
6463,6347,1340.8675
6463,6370,1364.6001
6463,6503,1384.5655
6463,6616,1394.8392
6463,6615,1441.5032
6463,6481,1458.4303
6463,6477,1544.9399
6463,6496,1592.5599
6463,6515,1625.603
6463,6360,1704.9609
6463,6511,1766.5168
6463,6637,1798.2532
6463,6369,1821.1102
6463,6638,1878.4384
6463,6395,1901.0622
6463,6443,2000.461
6463,6618,2045.3527
6463,6391,2093.2472
6463,6635,2160.2498
6463,6622,2173.5478
6463,6658,2177.8778
6463,6617,2213.6239
6463,6631,2215.3069
6463,6655,2274.2499
6463,6629,2310.8976
6463,6621,2357.2123
6463,6656,2369.8725
6463,6630,2376.3845
6463,6628,2406.2936
6463,6620,2526.7464
6463,6625,2545.6627
6463,6681,3045.7319
6463,6350,3278.2085
6464,6470,34.5746
6464,6499,153.4535
6464,6463,160.3679
6464,6474,213.8654
6464,6507,249.139
6464,6446,260.5465
6464,6519,260.8758
6464,6529,295.4984
6464,6427,310.6054
6464,6441,323.2717
6464,6506,329.8723
6464,6471,334.3983
6464,6475,415.4518
6464,6549,496.3614
6464,6402,524.2489
6464,6551,545.4358
6464,6558,559.3563
6464,6410,645.3015
6464,6394,647.4226
6464,6569,723.4057
6464,6573,765.0645
6464,6576,785.0646
6464,6414,797.9637
6464,6579,837.2424
6464,6584,868.9211
6464,6460,875.1524
6464,6581,879.3993
6464,6583,886.9325
6464,6456,968.8259
6464,6543,969.8047
6464,6468,999.6334
6464,6593,1011.912
6464,6585,1034.7467
6464,6590,1080.3126
6464,6457,1107.0206
